76579859146184
503302014652267
494269809498356
528797690899322
492396997976982
138828329736827
412608840683694
512893816394907
699319748980389
263423670885683
514718042709790
606394552547370
595509026864522
347967655354138
186239871837511
532066290859416
610040130104201
596039410785597
345258592673510
492914668302065
60960255887434
336450371788147
667273070508866
626871584605545
133665710970031
414970383358933
279625489507342
465861485267559
701516151155526
95923913489212
352304319392330
674811124553660
624742536509200
628100043995281
309623652686926
508066077976001
311694211371034
22547857625930
442781599049025
129108331629118
540740430891898
452754701192687
605674051140897
664373938175850
377295327735213
456715051697365
496220706252843
93189322014698
388058419153158
129955818369448
593451302928602
650954028218474
514217960615564
339279327005491
179783900349467
103397058220042
586610050578006
498178177994067
183530317429964
136630055195806
91740455846116
261467179903788
257795624851971
412252906769477
412162767858605
105863454443177
184783658425347
186914622737916
480475119877261
118824101572426
464004538288104
514955222930457
57650660275199
315984351373756
623837073773772
605470802462388
304555482739401
254065462794091
60755871038120
530692522109936
257769217692737
508433342639091
97843037880689
204121591179246
79767189572999
245096603325185
554912820183069
418867560257883
247454910599619
418566094237559
604146896811512
68675098696735
241754965982369
113899886964855
46999598877641
225261810960646
78609978068160
236354653052110
279940482985616
358801109825506
