76579859146184   16414
503302014652267   16414
494269809498356   16414
528797690899322   16414
492396997976982   16414
138828329736827   16414
412608840683694   16414
512893816394907   16414
699319748980389   16414
263423670885683   16414
514718042709790   16414
606394552547370   16414
595509026864522   16414
347967655354138   16414
186239871837511   16414
532066290859416   16414
610040130104201   16414
596039410785597   16414
345258592673510   16414
492914668302065   16414
60960255887434   16414
336450371788147   16414
667273070508866   16414
626871584605545   16414
133665710970031   16414
414970383358933   16414
279625489507342   16414
465861485267559   16414
701516151155526   16414
95923913489212   16414
352304319392330   16414
674811124553660   16414
624742536509200   16414
628100043995281   16414
309623652686926   16414
508066077976001   16414
311694211371034   16414
22547857625930   16414
442781599049025   16414
129108331629118   16414
540740430891898   16414
452754701192687   16414
605674051140897   16414
664373938175850   16414
377295327735213   16414
456715051697365   16414
496220706252843   16414
93189322014698   16414
388058419153158   16414
129955818369448   16414
593451302928602   16414
650954028218474   16414
514217960615564   16414
339279327005491   16414
179783900349467   16414
103397058220042   16414
586610050578006   16414
498178177994067   16414
183530317429964   16414
136630055195806   16414
91740455846116   16414
261467179903788   16414
257795624851971   16414
412252906769477   16414
412162767858605   16414
105863454443177   16414
184783658425347   16414
186914622737916   16414
480475119877261   16414
118824101572426   16414
464004538288104   16414
514955222930457   16414
57650660275199   16414
315984351373756   16414
623837073773772   16414
605470802462388   16414
304555482739401   16414
254065462794091   16414
60755871038120   16414
530692522109936   16414
257769217692737   16414
508433342639091   16414
97843037880689   16414
204121591179246   16414
79767189572999   16414
245096603325185   16414
554912820183069   16414
418867560257883   16414
247454910599619   16414
418566094237559   16414
604146896811512   16414
68675098696735   16414
241754965982369   16414
113899886964855   16414
46999598877641   16414
225261810960646   16414
78609978068160   16414
236354653052110   16414
279940482985616   16414
358801109825506   16414
