76579859146184   19629
503302014652267   19629
494269809498356   19629
528797690899322   19629
492396997976982   19629
138828329736827   19629
412608840683694   19629
512893816394907   19629
699319748980389   19629
263423670885683   19629
514718042709790   19629
606394552547370   19629
595509026864522   19629
347967655354138   19629
186239871837511   19629
532066290859416   19629
610040130104201   19629
596039410785597   19629
345258592673510   19629
492914668302065   19629
60960255887434   19629
336450371788147   19629
667273070508866   19629
626871584605545   19629
133665710970031   19629
414970383358933   19629
279625489507342   19629
465861485267559   19629
701516151155526   19629
95923913489212   19629
352304319392330   19629
674811124553660   19629
624742536509200   19629
628100043995281   19629
309623652686926   19629
508066077976001   19629
311694211371034   19629
22547857625930   19629
442781599049025   19629
129108331629118   19629
540740430891898   19629
452754701192687   19629
605674051140897   19629
664373938175850   19629
377295327735213   19629
456715051697365   19629
496220706252843   19629
93189322014698   19629
388058419153158   19629
129955818369448   19629
593451302928602   19629
650954028218474   19629
514217960615564   19629
339279327005491   19629
179783900349467   19629
103397058220042   19629
586610050578006   19629
498178177994067   19629
183530317429964   19629
136630055195806   19629
91740455846116   19629
261467179903788   19629
257795624851971   19629
412252906769477   19629
412162767858605   19629
105863454443177   19629
184783658425347   19629
186914622737916   19629
480475119877261   19629
118824101572426   19629
464004538288104   19629
514955222930457   19629
57650660275199   19629
315984351373756   19629
623837073773772   19629
605470802462388   19629
304555482739401   19629
254065462794091   19629
60755871038120   19629
530692522109936   19629
257769217692737   19629
508433342639091   19629
97843037880689   19629
204121591179246   19629
79767189572999   19629
245096603325185   19629
554912820183069   19629
418867560257883   19629
247454910599619   19629
418566094237559   19629
604146896811512   19629
68675098696735   19629
241754965982369   19629
113899886964855   19629
46999598877641   19629
225261810960646   19629
78609978068160   19629
236354653052110   19629
279940482985616   19629
358801109825506   19629
