76579859146184   15483
503302014652267   15483
494269809498356   15483
528797690899322   15483
492396997976982   15483
138828329736827   15483
412608840683694   15483
512893816394907   15483
699319748980389   15483
263423670885683   15483
514718042709790   15483
606394552547370   15483
595509026864522   15483
347967655354138   15483
186239871837511   15483
532066290859416   15483
610040130104201   15483
596039410785597   15483
345258592673510   15483
492914668302065   15483
60960255887434   15483
336450371788147   15483
667273070508866   15483
626871584605545   15483
133665710970031   15483
414970383358933   15483
279625489507342   15483
465861485267559   15483
701516151155526   15483
95923913489212   15483
352304319392330   15483
674811124553660   15483
624742536509200   15483
628100043995281   15483
309623652686926   15483
508066077976001   15483
311694211371034   15483
22547857625930   15483
442781599049025   15483
129108331629118   15483
540740430891898   15483
452754701192687   15483
605674051140897   15483
664373938175850   15483
377295327735213   15483
456715051697365   15483
496220706252843   15483
93189322014698   15483
388058419153158   15483
129955818369448   15483
593451302928602   15483
650954028218474   15483
514217960615564   15483
339279327005491   15483
179783900349467   15483
103397058220042   15483
586610050578006   15483
498178177994067   15483
183530317429964   15483
136630055195806   15483
91740455846116   15483
261467179903788   15483
257795624851971   15483
412252906769477   15483
412162767858605   15483
105863454443177   15483
184783658425347   15483
186914622737916   15483
480475119877261   15483
118824101572426   15483
464004538288104   15483
514955222930457   15483
57650660275199   15483
315984351373756   15483
623837073773772   15483
605470802462388   15483
304555482739401   15483
254065462794091   15483
60755871038120   15483
530692522109936   15483
257769217692737   15483
508433342639091   15483
97843037880689   15483
204121591179246   15483
79767189572999   15483
245096603325185   15483
554912820183069   15483
418867560257883   15483
247454910599619   15483
418566094237559   15483
604146896811512   15483
68675098696735   15483
241754965982369   15483
113899886964855   15483
46999598877641   15483
225261810960646   15483
78609978068160   15483
236354653052110   15483
279940482985616   15483
358801109825506   15483
