76579859146184   7495
503302014652267   7495
494269809498356   7495
528797690899322   7495
492396997976982   7495
138828329736827   7495
412608840683694   7495
512893816394907   7495
699319748980389   7495
263423670885683   7495
514718042709790   7495
606394552547370   7495
595509026864522   7495
347967655354138   7495
186239871837511   7495
532066290859416   7495
610040130104201   7495
596039410785597   7495
345258592673510   7495
492914668302065   7495
60960255887434   7495
336450371788147   7495
667273070508866   7495
626871584605545   7495
133665710970031   7495
414970383358933   7495
279625489507342   7495
465861485267559   7495
701516151155526   7495
95923913489212   7495
352304319392330   7495
674811124553660   7495
624742536509200   7495
628100043995281   7495
309623652686926   7495
508066077976001   7495
311694211371034   7495
22547857625930   7495
442781599049025   7495
129108331629118   7495
540740430891898   7495
452754701192687   7495
605674051140897   7495
664373938175850   7495
377295327735213   7495
456715051697365   7495
496220706252843   7495
93189322014698   7495
388058419153158   7495
129955818369448   7495
593451302928602   7495
650954028218474   7495
514217960615564   7495
339279327005491   7495
179783900349467   7495
103397058220042   7495
586610050578006   7495
498178177994067   7495
183530317429964   7495
136630055195806   7495
91740455846116   7495
261467179903788   7495
257795624851971   7495
412252906769477   7495
412162767858605   7495
105863454443177   7495
184783658425347   7495
186914622737916   7495
480475119877261   7495
118824101572426   7495
464004538288104   7495
514955222930457   7495
57650660275199   7495
315984351373756   7495
623837073773772   7495
605470802462388   7495
304555482739401   7495
254065462794091   7495
60755871038120   7495
530692522109936   7495
257769217692737   7495
508433342639091   7495
97843037880689   7495
204121591179246   7495
79767189572999   7495
245096603325185   7495
554912820183069   7495
418867560257883   7495
247454910599619   7495
418566094237559   7495
604146896811512   7495
68675098696735   7495
241754965982369   7495
113899886964855   7495
46999598877641   7495
225261810960646   7495
78609978068160   7495
236354653052110   7495
279940482985616   7495
358801109825506   7495
