76579859146184   19710
503302014652267   19710
494269809498356   19710
528797690899322   19710
492396997976982   19710
138828329736827   19710
412608840683694   19710
512893816394907   19710
699319748980389   19710
263423670885683   19710
514718042709790   19710
606394552547370   19710
595509026864522   19710
347967655354138   19710
186239871837511   19710
532066290859416   19710
610040130104201   19710
596039410785597   19710
345258592673510   19710
492914668302065   19710
60960255887434   19710
336450371788147   19710
667273070508866   19710
626871584605545   19710
133665710970031   19710
414970383358933   19710
279625489507342   19710
465861485267559   19710
701516151155526   19710
95923913489212   19710
352304319392330   19710
674811124553660   19710
624742536509200   19710
628100043995281   19710
309623652686926   19710
508066077976001   19710
311694211371034   19710
22547857625930   19710
442781599049025   19710
129108331629118   19710
540740430891898   19710
452754701192687   19710
605674051140897   19710
664373938175850   19710
377295327735213   19710
456715051697365   19710
496220706252843   19710
93189322014698   19710
388058419153158   19710
129955818369448   19710
593451302928602   19710
650954028218474   19710
514217960615564   19710
339279327005491   19710
179783900349467   19710
103397058220042   19710
586610050578006   19710
498178177994067   19710
183530317429964   19710
136630055195806   19710
91740455846116   19710
261467179903788   19710
257795624851971   19710
412252906769477   19710
412162767858605   19710
105863454443177   19710
184783658425347   19710
186914622737916   19710
480475119877261   19710
118824101572426   19710
464004538288104   19710
514955222930457   19710
57650660275199   19710
315984351373756   19710
623837073773772   19710
605470802462388   19710
304555482739401   19710
254065462794091   19710
60755871038120   19710
530692522109936   19710
257769217692737   19710
508433342639091   19710
97843037880689   19710
204121591179246   19710
79767189572999   19710
245096603325185   19710
554912820183069   19710
418867560257883   19710
247454910599619   19710
418566094237559   19710
604146896811512   19710
68675098696735   19710
241754965982369   19710
113899886964855   19710
46999598877641   19710
225261810960646   19710
78609978068160   19710
236354653052110   19710
279940482985616   19710
358801109825506   19710
