76579859146184   30591
503302014652267   30591
494269809498356   30591
528797690899322   30591
492396997976982   30591
138828329736827   30591
412608840683694   30591
512893816394907   30591
699319748980389   30591
263423670885683   30591
514718042709790   30591
606394552547370   30591
595509026864522   30591
347967655354138   30591
186239871837511   30591
532066290859416   30591
610040130104201   30591
596039410785597   30591
345258592673510   30591
492914668302065   30591
60960255887434   30591
336450371788147   30591
667273070508866   30591
626871584605545   30591
133665710970031   30591
414970383358933   30591
279625489507342   30591
465861485267559   30591
701516151155526   30591
95923913489212   30591
352304319392330   30591
674811124553660   30591
624742536509200   30591
628100043995281   30591
309623652686926   30591
508066077976001   30591
311694211371034   30591
22547857625930   30591
442781599049025   30591
129108331629118   30591
540740430891898   30591
452754701192687   30591
605674051140897   30591
664373938175850   30591
377295327735213   30591
456715051697365   30591
496220706252843   30591
93189322014698   30591
388058419153158   30591
129955818369448   30591
593451302928602   30591
650954028218474   30591
514217960615564   30591
339279327005491   30591
179783900349467   30591
103397058220042   30591
586610050578006   30591
498178177994067   30591
183530317429964   30591
136630055195806   30591
91740455846116   30591
261467179903788   30591
257795624851971   30591
412252906769477   30591
412162767858605   30591
105863454443177   30591
184783658425347   30591
186914622737916   30591
480475119877261   30591
118824101572426   30591
464004538288104   30591
514955222930457   30591
57650660275199   30591
315984351373756   30591
623837073773772   30591
605470802462388   30591
304555482739401   30591
254065462794091   30591
60755871038120   30591
530692522109936   30591
257769217692737   30591
508433342639091   30591
97843037880689   30591
204121591179246   30591
79767189572999   30591
245096603325185   30591
554912820183069   30591
418867560257883   30591
247454910599619   30591
418566094237559   30591
604146896811512   30591
68675098696735   30591
241754965982369   30591
113899886964855   30591
46999598877641   30591
225261810960646   30591
78609978068160   30591
236354653052110   30591
279940482985616   30591
358801109825506   30591
