76579859146184   12042
503302014652267   12042
494269809498356   12042
528797690899322   12042
492396997976982   12042
138828329736827   12042
412608840683694   12042
512893816394907   12042
699319748980389   12042
263423670885683   12042
514718042709790   12042
606394552547370   12042
595509026864522   12042
347967655354138   12042
186239871837511   12042
532066290859416   12042
610040130104201   12042
596039410785597   12042
345258592673510   12042
492914668302065   12042
60960255887434   12042
336450371788147   12042
667273070508866   12042
626871584605545   12042
133665710970031   12042
414970383358933   12042
279625489507342   12042
465861485267559   12042
701516151155526   12042
95923913489212   12042
352304319392330   12042
674811124553660   12042
624742536509200   12042
628100043995281   12042
309623652686926   12042
508066077976001   12042
311694211371034   12042
22547857625930   12042
442781599049025   12042
129108331629118   12042
540740430891898   12042
452754701192687   12042
605674051140897   12042
664373938175850   12042
377295327735213   12042
456715051697365   12042
496220706252843   12042
93189322014698   12042
388058419153158   12042
129955818369448   12042
593451302928602   12042
650954028218474   12042
514217960615564   12042
339279327005491   12042
179783900349467   12042
103397058220042   12042
586610050578006   12042
498178177994067   12042
183530317429964   12042
136630055195806   12042
91740455846116   12042
261467179903788   12042
257795624851971   12042
412252906769477   12042
412162767858605   12042
105863454443177   12042
184783658425347   12042
186914622737916   12042
480475119877261   12042
118824101572426   12042
464004538288104   12042
514955222930457   12042
57650660275199   12042
315984351373756   12042
623837073773772   12042
605470802462388   12042
304555482739401   12042
254065462794091   12042
60755871038120   12042
530692522109936   12042
257769217692737   12042
508433342639091   12042
97843037880689   12042
204121591179246   12042
79767189572999   12042
245096603325185   12042
554912820183069   12042
418867560257883   12042
247454910599619   12042
418566094237559   12042
604146896811512   12042
68675098696735   12042
241754965982369   12042
113899886964855   12042
46999598877641   12042
225261810960646   12042
78609978068160   12042
236354653052110   12042
279940482985616   12042
358801109825506   12042
