76579859146184   22344
503302014652267   22344
494269809498356   22344
528797690899322   22344
492396997976982   22344
138828329736827   22344
412608840683694   22344
512893816394907   22344
699319748980389   22344
263423670885683   22344
514718042709790   22344
606394552547370   22344
595509026864522   22344
347967655354138   22344
186239871837511   22344
532066290859416   22344
610040130104201   22344
596039410785597   22344
345258592673510   22344
492914668302065   22344
60960255887434   22344
336450371788147   22344
667273070508866   22344
626871584605545   22344
133665710970031   22344
414970383358933   22344
279625489507342   22344
465861485267559   22344
701516151155526   22344
95923913489212   22344
352304319392330   22344
674811124553660   22344
624742536509200   22344
628100043995281   22344
309623652686926   22344
508066077976001   22344
311694211371034   22344
22547857625930   22344
442781599049025   22344
129108331629118   22344
540740430891898   22344
452754701192687   22344
605674051140897   22344
664373938175850   22344
377295327735213   22344
456715051697365   22344
496220706252843   22344
93189322014698   22344
388058419153158   22344
129955818369448   22344
593451302928602   22344
650954028218474   22344
514217960615564   22344
339279327005491   22344
179783900349467   22344
103397058220042   22344
586610050578006   22344
498178177994067   22344
183530317429964   22344
136630055195806   22344
91740455846116   22344
261467179903788   22344
257795624851971   22344
412252906769477   22344
412162767858605   22344
105863454443177   22344
184783658425347   22344
186914622737916   22344
480475119877261   22344
118824101572426   22344
464004538288104   22344
514955222930457   22344
57650660275199   22344
315984351373756   22344
623837073773772   22344
605470802462388   22344
304555482739401   22344
254065462794091   22344
60755871038120   22344
530692522109936   22344
257769217692737   22344
508433342639091   22344
97843037880689   22344
204121591179246   22344
79767189572999   22344
245096603325185   22344
554912820183069   22344
418867560257883   22344
247454910599619   22344
418566094237559   22344
604146896811512   22344
68675098696735   22344
241754965982369   22344
113899886964855   22344
46999598877641   22344
225261810960646   22344
78609978068160   22344
236354653052110   22344
279940482985616   22344
358801109825506   22344
