76579859146184   165
503302014652267   165
494269809498356   165
528797690899322   165
492396997976982   165
138828329736827   165
412608840683694   165
512893816394907   165
699319748980389   165
263423670885683   165
514718042709790   165
606394552547370   165
595509026864522   165
347967655354138   165
186239871837511   165
532066290859416   165
610040130104201   165
596039410785597   165
345258592673510   165
492914668302065   165
60960255887434   165
336450371788147   165
667273070508866   165
626871584605545   165
133665710970031   165
414970383358933   165
279625489507342   165
465861485267559   165
701516151155526   165
95923913489212   165
352304319392330   165
674811124553660   165
624742536509200   165
628100043995281   165
309623652686926   165
508066077976001   165
311694211371034   165
22547857625930   165
442781599049025   165
129108331629118   165
540740430891898   165
452754701192687   165
605674051140897   165
664373938175850   165
377295327735213   165
456715051697365   165
496220706252843   165
93189322014698   165
388058419153158   165
129955818369448   165
593451302928602   165
650954028218474   165
514217960615564   165
339279327005491   165
179783900349467   165
103397058220042   165
586610050578006   165
498178177994067   165
183530317429964   165
136630055195806   165
91740455846116   165
261467179903788   165
257795624851971   165
412252906769477   165
412162767858605   165
105863454443177   165
184783658425347   165
186914622737916   165
480475119877261   165
118824101572426   165
464004538288104   165
514955222930457   165
57650660275199   165
315984351373756   165
623837073773772   165
605470802462388   165
304555482739401   165
254065462794091   165
60755871038120   165
530692522109936   165
257769217692737   165
508433342639091   165
97843037880689   165
204121591179246   165
79767189572999   165
245096603325185   165
554912820183069   165
418867560257883   165
247454910599619   165
418566094237559   165
604146896811512   165
68675098696735   165
241754965982369   165
113899886964855   165
46999598877641   165
225261810960646   165
78609978068160   165
236354653052110   165
279940482985616   165
358801109825506   165
